#### Start Settings: Healer ####
90
25
exura
70
40
exura gran
0
80
exura vita
4
50
1
40
4
50
70
80
4
4
4
1
#### Tools ####
4
4
4
exura
4
utani gran hur
4
4


4
1
4
4
4
4
4
30
4
60
#### Runemaker ####
1
4
4
6
80
exura
4
4
1
exura
#### Alarms ####
1
4
1
4
4
#### Shortkeys ####
meuse 3160
exivat
ering
sdlast
ring 2167
paralast
mwtarget
lifefluid
antipush 3031, 3492
uh
meuse 3160
mf
runelast 3198
amulet 2316
turn 0
step 0
mousedrop 3031
#### Skill Trainer ####
1
tortoise, crocodile, centipede
0
100
7
#### Additional ####
4
3052
4
4
vip1,vip2
1
3031, 3492, 5899





4
0
4
4
follow
5
4
3155
Gold Converter,STOP on GM
4
4
0
4
4
1
4
4
4
50
4
2321
3497, 3498, 3499, 3500
3003
3457
836, 841, 901, 904, 3577, 3578, 3579, 3580, 3581, 3582, 3583, 3584, 3585, 3586, 3587, 3588, 3589, 3590, 3591, 3592, 3593, 3594, 3595, 3596, 3597, 3598, 3599, 3600, 3601, 3602, 3606, 3607, 3723, 3724, 3725, 3726, 3728, 3729, 3730, 3731, 3732, 5096, 5678, 6125, 6277, 6278, 6392, 6500, 6541, 6542, 6543, 6544, 6545, 6569, 6574, 7158, 7159, 7372, 7373, 7375, 8010, 8011, 8012, 8013, 8014, 8015, 8017, 8019, 8177, 8197, 10329, 12310, 14085, 17457, 17820, 17821, 21143, 21144, 21146
2472, 2481, 2480, 2482, 2319, 2431, 2432, 2433, 2434, 2523, 2358, 2359, 2360, 2361, 2469, 2471, 2473, 2981, 2983, 2985, 3503, 3504, 6016
15
8
1000
1000
500
500
40
30000
#### Waypoints ####
node: 32598, 32737, 9
node: 32600, 32733, 9
node: 32600, 32729, 9
node: 32604, 32725, 9
node: 32610, 32722, 9
node: 32613, 32718, 9
node: 32619, 32721, 9
node: 32625, 32723, 9
node: 32631, 32721, 9
node: 32632, 32717, 9
node: 32631, 32721, 9
node: 32625, 32721, 9
node: 32619, 32721, 9
node: 32613, 32718, 9
node: 32613, 32714, 9
node: 32610, 32710, 9
node: 32604, 32707, 9
node: 32598, 32707, 9
node: 32592, 32709, 9
node: 32592, 32713, 9
node: 32591, 32709, 9
node: 32597, 32706, 9
node: 32601, 32702, 9
node: 32601, 32698, 9
node: 32601, 32694, 9
node: 32598, 32690, 9
node: 32595, 32686, 9
node: 32594, 32682, 9
node: 32594, 32678, 9
node: 32594, 32674, 9
node: 32600, 32672, 9
node: 32606, 32671, 9
node: 32611, 32675, 9
node: 32615, 32679, 9
node: 32613, 32675, 9
stand: 32611, 32673, 9
rope: 32611, 32673, 9
node: 32608, 32673, 8
node: 32602, 32670, 8
node: 32599, 32666, 8
node: 32597, 32662, 8
node: 32592, 32658, 8
node: 32592, 32654, 8
node: 32589, 32658, 8
node: 32590, 32662, 8
node: 32590, 32666, 8
node: 32589, 32670, 8
node: 32585, 32674, 8
node: 32582, 32678, 8
node: 32580, 32682, 8
stand: 32578, 32685, 8
node: 32577, 32686, 9
node: 32571, 32688, 9
node: 32566, 32692, 9
node: 32563, 32696, 9
node: 32560, 32700, 9
node: 32557, 32704, 9
node: 32552, 32708, 9
node: 32546, 32711, 9
node: 32545, 32715, 9
node: 32545, 32719, 9
node: 32542, 32723, 9
node: 32542, 32727, 9
node: 32536, 32729, 9
node: 32542, 32730, 9
node: 32546, 32734, 9
node: 32548, 32738, 9
node: 32549, 32742, 9
node: 32550, 32746, 9
node: 32556, 32746, 9
node: 32562, 32746, 9
node: 32568, 32746, 9
node: 32574, 32746, 9
node: 32580, 32746, 9
node: 32586, 32746, 9
node: 32592, 32746, 9
node: 32595, 32742, 9
#### Settings ####
1948
4
obsidian knife
orc, troll
4
4176, 4193, 4194, 4195, 4196, 4197, 4198
4133
594, 607
2597
3308
500
#### Magic Shooter ####
#### Settings II ####
4
3447
9
4
3081
1
200

4
4
4
2000
1000
