#### Start Settings: Healer ####
0
25
exura
65
40
exura gran
0
80
exura vita
4
50
1
30
4
50
70
80
4
4
4
1
#### Tools ####
4
4
4
exura
4
utani gran hur
4
4


4
1
4
4
4
4
4
30
4
60
#### Runemaker ####
4
4
4
6
70
adura vita
4
4
1
exura
#### Alarms ####
1
4
4
4
4
#### Shortkeys ####
meuse 3160
exivat
ering
sdlast
ring 2167
paralast
mwtarget
lifefluid
antipush 3031, 3492
uh
meuse 3160
mf
runelast 3198
amulet 2316
turn 0
step 0
mousedrop 3031
#### Skill Trainer ####
1
slime,rotworm
0
100
7
#### Additional ####
4
3052
4
4
vip1,vip2
1
3031, 3492





4
0
4
4
stand near
5
4
3155
Ban Spectators on Cast,Gold Converter,Anti GM
1
4
0
4
4
4
4
4
4
50
4
2321
3497, 3498, 3499, 3500
3003
3457
836, 841, 901, 904, 3577, 3578, 3579, 3580, 3581, 3582, 3583, 3584, 3585, 3586, 3587, 3588, 3589, 3590, 3591, 3592, 3593, 3594, 3595, 3596, 3597, 3598, 3599, 3600, 3601, 3602, 3606, 3607, 3723, 3724, 3725, 3726, 3728, 3729, 3730, 3731, 3732, 5096, 5678, 6125, 6277, 6278, 6392, 6500, 6541, 6542, 6543, 6544, 6545, 6569, 6574, 7158, 7159, 7372, 7373, 7375, 8010, 8011, 8012, 8013, 8014, 8015, 8017, 8019, 8177, 8197, 10329, 12310, 14085, 17457, 17820, 17821, 21143, 21144, 21146
2472, 2481, 2480, 2482, 2319, 2431, 2432, 2433, 2434, 2523, 2358, 2359, 2360, 2361, 2469, 2471, 2473, 2981, 2983, 2985, 3503, 3504, 6016
15
8
1000
1000
500
500
40
30000
#### Waypoints ####
To Hunt
state: targeting(if stuck)
node: 33126, 32836, 7
node: 33129, 32832, 7
node: 33135, 32832, 7
node: 33141, 32831, 7
node: 33147, 32831, 7
node: 33153, 32831, 7
node: 33159, 32831, 7
node: 33165, 32831, 7
node: 33171, 32829, 7
node: 33177, 32829, 7
node: 33183, 32829, 7
node: 33186, 32825, 7
node: 33192, 32822, 7
node: 33198, 32822, 7
node: 33204, 32822, 7
node: 33210, 32822, 7
node: 33216, 32822, 7
node: 33222, 32821, 7
node: 33228, 32819, 7
node: 33230, 32815, 7
node: 33230, 32811, 7
node: 33232, 32807, 7
node: 33238, 32807, 7
stand: 33239, 32803, 7
stand: 33239, 32799, 6
node: 33239, 32792, 7
node: 33239, 32788, 7
node: 33239, 32784, 7
node: 33239, 32780, 7
node: 33239, 32776, 7
node: 33239, 32772, 7
node: 33239, 32768, 7
node: 33239, 32764, 7
node: 33238, 32760, 7
node: 33238, 32756, 7
node: 33238, 32752, 7
node: 33238, 32748, 7
node: 33238, 32744, 7
node: 33238, 32740, 7
node: 33238, 32736, 7
node: 33238, 32732, 7
node: 33238, 32728, 7
node: 33238, 32724, 7
node: 33238, 32720, 7
node: 33238, 32716, 7
node: 33237, 32712, 7
shovel: 33233, 32704, 7
shovel: 33233, 32704, 7
shovel: 33233, 32704, 7
shovel: 33233, 32704, 7
shovel: 33233, 32704, 7
shovel: 33233, 32704, 7
stand: 33233, 32704, 7
stand: 33233, 32701, 8
stand: 33233, 32705, 9
stand: 33233, 32701, 10
goto: Hunt
Hunt
state: targeting(on)
state: looter(on)
node: 33236, 32702, 11
node: 33244, 32702, 11
node: 33245, 32695, 11
node: 33248, 32702, 11
node: 33248, 32710, 11
node: 33248, 32702, 11
node: 33258, 32702, 11
node: 33257, 32692, 11
node: 33257, 32701, 11
node: 33243, 32701, 11
node: 33235, 32698, 11
node: 33235, 32690, 11
node: 33217, 32690, 11
node: 33217, 32684, 11
node: 33213, 32691, 11
node: 33204, 32691, 11
node: 33197, 32690, 11
node: 33207, 32690, 11
node: 33219, 32690, 11
node: 33229, 32690, 11
node: 33236, 32687, 11
node: 33241, 32679, 11
node: 33242, 32667, 11
node: 33229, 32667, 11
node: 33241, 32667, 11
node: 33242, 32685, 11
node: 33249, 32679, 11
node: 33256, 32672, 11
node: 33261, 32664, 11
node: 33260, 32659, 11
node: 33261, 32671, 11
node: 33248, 32673, 11
node: 33248, 32685, 11
node: 33235, 32687, 11
node: 33235, 32697, 11
goto: To dp, item(3043) >= 2
goto: Hunt, item(3043) < 2
To dp
state: targeting(if stuck)
stand: 33233, 32701, 11
stand: 33233, 32704, 10
stand: 33233, 32702, 9
rope: 33233, 32704, 8
node: 33232, 32709, 7
node: 33232, 32718, 7
node: 33232, 32722, 7
node: 33232, 32726, 7
node: 33232, 32730, 7
node: 33232, 32734, 7
node: 33232, 32738, 7
node: 33232, 32742, 7
node: 33232, 32746, 7
node: 33232, 32750, 7
node: 33232, 32754, 7
node: 33232, 32758, 7
node: 33233, 32762, 7
node: 33233, 32766, 7
node: 33233, 32770, 7
node: 33233, 32774, 7
node: 33233, 32778, 7
node: 33233, 32782, 7
node: 33233, 32786, 7
node: 33236, 32790, 7
node: 33236, 32794, 7
stand: 33241, 32799, 7
stand: 33241, 32803, 6
node: 33235, 32806, 7
node: 33229, 32806, 7
node: 33223, 32806, 7
node: 33217, 32806, 7
node: 33216, 32810, 7
node: 33216, 32814, 7
node: 33216, 32818, 7
node: 33210, 32819, 7
node: 33204, 32819, 7
node: 33198, 32819, 7
node: 33192, 32819, 7
node: 33186, 32819, 7
node: 33180, 32819, 7
node: 33175, 32823, 7
node: 33169, 32826, 7
node: 33163, 32828, 7
node: 33157, 32828, 7
node: 33151, 32828, 7
node: 33145, 32828, 7
node: 33139, 32828, 7
node: 33137, 32832, 7
node: 33131, 32833, 7
node: 33127, 32837, 7
node: 33127, 32839, 7
node: 33127, 32841, 7
stand: 33127, 32843, 7
node: 33126, 32849, 8
node: 33126, 32853, 8
restart bps: 
wait: 2000
reach depot:
wait: 2000
deposit items: {0}, 3035, 3052, 3043
wait: 2000
restart bps: 
wait: 2000
node: 33127, 32851, 8
stand: 33127, 32843, 8
node: 33126, 32838, 7
state: cavebot(off)
lua: Rifbot.PlaySound(Default)
#### Settings ####
1948
4
obsidian knife
orc, troll
4
4176, 4193, 4194, 4195, 4196, 4197, 4198
4133
594, 607
2597
3308
500
#### Magic Shooter ####
target spell,exori con,1,1,250,70,stand near,beholder
#### Settings II ####
4
3447
9
4
3081
1
200

4
4
4
2000
1000
