#### Start Settings: Healer ####
0
25
exura
75
40
exura gran
50
80
exura vita
4
50
1
50
4
50
70
80
4
4
4
1
#### Tools ####
4
4
4
exura
4
utani gran hur
4
4


4
1
4
4
4
4
4
30
4
60
#### Runemaker ####
4
4
4
6
70
adura vita
4
4
1
exura
#### Alarms ####
1
4
4
4
4
#### Shortkeys ####
meuse 3160
exivat
ering
sdlast
ring 2167
paralast
mwtarget
lifefluid
antipush 3031, 3492
uh
meuse 3160
mf
runelast 3198
amulet 2316
turn 0
step 0
mousedrop 3031
#### Skill Trainer ####
1
bonebeast, demon skeleton
0
100
7
#### Additional ####
1
3052
4
4
vip1,vip2
1
3031, 3492





4
0
4
4
3sqm
5
4
3155
Gold Converter,STOP on GM,Puxa Stealth ring if monster
4
4
0
4
4
4
4
4
4
50
4
2321
3497, 3498, 3499, 3500
3003
3457
836, 841, 901, 904, 3577, 3578, 3579, 3580, 3581, 3582, 3583, 3584, 3585, 3586, 3587, 3588, 3589, 3590, 3591, 3592, 3593, 3594, 3595, 3596, 3597, 3598, 3599, 3600, 3601, 3602, 3606, 3607, 3723, 3724, 3725, 3726, 3728, 3729, 3730, 3731, 3732, 5096, 5678, 6125, 6277, 6278, 6392, 6500, 6541, 6542, 6543, 6544, 6545, 6569, 6574, 7158, 7159, 7372, 7373, 7375, 8010, 8011, 8012, 8013, 8014, 8015, 8017, 8019, 8177, 8197, 10329, 12310, 14085, 17457, 17820, 17821, 21143, 21144, 21146
2472, 2481, 2480, 2482, 2319, 2431, 2432, 2433, 2434, 2523, 2358, 2359, 2360, 2361, 2469, 2471, 2473, 2981, 2983, 2985, 3503, 3504, 6016
15
8
1000
1000
500
500
40
30000
#### Waypoints ####
Hunt
node: 32470, 31212, 10
node: 32471, 31216, 10
node: 32476, 31220, 10
node: 32481, 31224, 10
node: 32491, 31222, 10
node: 32492, 31211, 10
node: 32499, 31204, 10
node: 32490, 31222, 10
node: 32477, 31222, 10
node: 32470, 31205, 10
node: 32476, 31197, 10
node: 32485, 31193, 10
node: 32496, 31190, 10
node: 32484, 31191, 10
node: 32481, 31181, 10
node: 32482, 31175, 10
node: 32498, 31169, 10
node: 32500, 31163, 10
node: 32492, 31172, 10
node: 32481, 31172, 10
node: 32469, 31167, 10
node: 32457, 31171, 10
node: 32458, 31182, 10
node: 32457, 31171, 10
node: 32465, 31168, 10
node: 32468, 31158, 10
node: 32478, 31155, 10
node: 32465, 31155, 10
node: 32460, 31146, 10
node: 32467, 31156, 10
node: 32469, 31165, 10
node: 32477, 31170, 10
node: 32481, 31176, 10
node: 32483, 31189, 10
node: 32481, 31194, 10
node: 32474, 31199, 10
To Hunt
node: 32249, 31142, 7
node: 32243, 31147, 7
node: 32243, 31151, 7
node: 32242, 31155, 7
node: 32242, 31159, 7
node: 32247, 31163, 7
node: 32247, 31167, 7
node: 32248, 31171, 7
node: 32248, 31175, 7
node: 32250, 31179, 7
node: 32250, 31183, 7
node: 32250, 31187, 7
node: 32253, 31191, 7
node: 32254, 31195, 7
stand: 32255, 31197, 7
say: bring me to helheim
state: targeting(if stuck)
node: 32463, 31174, 7
node: 32469, 31180, 7
node: 32473, 31186, 7
stand: 32477, 31188, 7
node: 32478, 31184, 6
stand: 32482, 31178, 6
stand: 32482, 31179, 7
node: 32481, 31183, 8
node: 32487, 31185, 8
node: 32493, 31187, 8
node: 32499, 31190, 8
node: 32500, 31194, 8
node: 32501, 31198, 8
node: 32501, 31202, 8
node: 32501, 31206, 8
node: 32501, 31210, 8
node: 32498, 31214, 8
node: 32492, 31217, 8
node: 32498, 31224, 8
stand: 32504, 31221, 8
node: 32502, 31221, 9
node: 32496, 31216, 9
node: 32489, 31214, 9
node: 32481, 31214, 9
stand: 32478, 31213, 9
state: targeting(on)
goto: Hunt
#### Settings ####
1948
4
obsidian knife
orc, troll
4
4176, 4193, 4194, 4195, 4196, 4197, 4198
4133
594, 607
2597
3308
500
#### Magic Shooter ####
target spell,exori con,1,1,350,80,3sqm,bonebeast, demon skeleton
#### Settings II ####
4
3052
9
4
3081
1
200

1
4
4
2000
1000
