#### Start Settings: Healer ####
0
25
exura
80
40
exura gran
60
80
exura vita
4
50
1
50
4
50
70
80
4
4
4
1
#### Tools ####
4
4
1
exura gran
4
utani gran hur
4
4


4
1
4
4
4
4
4
30
4
60
#### Runemaker ####
1
4
4
6
99
utani hur
4
4
1
exura
#### Alarms ####
1
4
4
4
4
#### Shortkeys ####
meuse 3160
exivat
ering
sdlast
ring 2167
paralast
mwtarget
lifefluid
antipush 3031, 3492
uh
meuse 3160
mf
runelast 3198
amulet 2316
turn 0
step 0
mousedrop 3031
#### Skill Trainer ####
1
mummy, ghoul
0
100
7
#### Additional ####
1
3052
4
4
vip1,vip2
1
3031, 3492





4
0
4
4
stand near
5
4
3155
Gold Converter,STOP on GM
4
4
0
4
4
4
1
4
4
50
4
2321
3497, 3498, 3499, 3500
3003
3457
836, 841, 901, 904, 3577, 3578, 3579, 3580, 3581, 3582, 3583, 3584, 3585, 3586, 3587, 3588, 3589, 3590, 3591, 3592, 3593, 3594, 3595, 3596, 3597, 3598, 3599, 3600, 3601, 3602, 3606, 3607, 3723, 3724, 3725, 3726, 3728, 3729, 3730, 3731, 3732, 5096, 5678, 6125, 6277, 6278, 6392, 6500, 6541, 6542, 6543, 6544, 6545, 6569, 6574, 7158, 7159, 7372, 7373, 7375, 8010, 8011, 8012, 8013, 8014, 8015, 8017, 8019, 8177, 8197, 10329, 12310, 14085, 17457, 17820, 17821, 21143, 21144, 21146
2472, 2481, 2480, 2482, 2319, 2431, 2432, 2433, 2434, 2523, 2358, 2359, 2360, 2361, 2469, 2471, 2473, 2981, 2983, 2985, 3503, 3504, 6016
15
8
1000
1000
500
500
40
30000
#### Waypoints ####
go Hunt
node: 32250, 31142, 7
node: 32242, 31150, 7
node: 32244, 31161, 7
node: 32247, 31168, 7
node: 32253, 31179, 7
node: 32256, 31189, 7
stand: 32256, 31197, 7
say: bring me to helheim
node: 32466, 31174, 7
node: 32470, 31181, 7
stand: 32477, 31188, 7
node: 32478, 31183, 6
stand: 32482, 31178, 6
stand: 32482, 31179, 7
goto: Hunt
Hunt
node: 32481, 31182, 8
node: 32474, 31184, 8
node: 32471, 31180, 8
node: 32471, 31176, 8
node: 32473, 31172, 8
node: 32477, 31168, 8
node: 32479, 31164, 8
node: 32480, 31160, 8
node: 32480, 31156, 8
node: 32480, 31152, 8
node: 32486, 31155, 8
node: 32492, 31160, 8
node: 32494, 31161, 8
node: 32499, 31165, 8
node: 32500, 31169, 8
node: 32505, 31175, 8
node: 32499, 31165, 8
node: 32491, 31158, 8
node: 32481, 31163, 8
node: 32475, 31170, 8
node: 32473, 31183, 8
node: 32474, 31192, 8
node: 32467, 31194, 8
node: 32455, 31191, 8
node: 32453, 31180, 8
node: 32461, 31166, 8
node: 32461, 31163, 8
node: 32457, 31177, 8
node: 32454, 31181, 8
node: 32453, 31185, 8
node: 32453, 31189, 8
node: 32457, 31193, 8
node: 32463, 31193, 8
node: 32465, 31197, 8
node: 32470, 31195, 8
node: 32476, 31194, 8
node: 32477, 31198, 8
node: 32477, 31202, 8
node: 32483, 31205, 8
node: 32483, 31209, 8
node: 32484, 31213, 8
node: 32482, 31217, 8
node: 32475, 31220, 8
node: 32463, 31215, 8
node: 32477, 31219, 8
node: 32489, 31217, 8
node: 32492, 31225, 8
node: 32501, 31224, 8
node: 32492, 31224, 8
node: 32492, 31215, 8
node: 32494, 31214, 8
node: 32499, 31210, 8
node: 32501, 31206, 8
node: 32501, 31202, 8
node: 32501, 31198, 8
node: 32501, 31194, 8
node: 32501, 31190, 8
node: 32495, 31187, 8
node: 32489, 31185, 8
node: 32483, 31182, 8
node: 32481, 31181, 8
goto: go Deposit, item(3035) >= 100
goto: Hunt, item(3035) < 100
go Deposit
stand: 32482, 31180, 8
stand: 32482, 31179, 8
stand: 32482, 31178, 7
node: 32477, 31180, 6
stand: 32477, 31188, 6
node: 32470, 31185, 7
node: 32469, 31175, 7
stand: 32462, 31174, 7
say: bring me to svargrond
node: 32256, 31197, 7
node: 32254, 31184, 7
node: 32250, 31172, 7
node: 32248, 31159, 7
node: 32242, 31145, 7
node: 32251, 31142, 7
stand: 32254, 31143, 7
wait: 1000
reach depot:
deposit items: {0}, 3043, 3035, 7134, 3027
node: 32257, 31141, 6
stand: 32254, 31143, 6
goto: go Hunt
#### Settings ####
1948
4
obsidian knife
orc, troll
4
4176, 4193, 4194, 4195, 4196, 4197, 4198
4133
594, 607
2597
3308
500
#### Magic Shooter ####
target spell,exori con,1,1,350,70,stand near,mummy
target spell,exori con,2,1,350,70,stand near,ghoul
#### Settings II ####
4
3447
9
4
3081
1
200

4
4
4
2000
1000
