#### Start Settings: Healer ####
0
25
exura
0
40
exura gran
0
80
exura vita
4
50
1
50
4
50
70
80
4
4
4
1
#### Tools ####
4
4
4
exura
4
utani gran hur
4
4


4
1
4
4
4
4
4
30
4
60
#### Runemaker ####
4
4
4
6
70
adura vita
4
4
1
exura
#### Alarms ####
1
4
4
4
4
#### Shortkeys ####
meuse 3160
exivat
ering
sdlast
ring 2167
paralast
mwtarget
lifefluid
antipush 3031, 3492
uh
meuse 3160
mf
runelast 3198
amulet 2316
turn 0
step 0
mousedrop 3031
#### Skill Trainer ####
1
mutated rat
0
100
7
#### Additional ####
4
3052
4
4
vip1,vip2
1
3031, 3492





4
0
4
4
stand near
5
4
3155
Gold Converter,Puxa Stealth ring if monster,STOP on GM
4
4
0
4
4
4
4
4
4
50
4
2321
3497, 3498, 3499, 3500
3003
3457
836, 841, 901, 904, 3577, 3578, 3579, 3580, 3581, 3582, 3583, 3584, 3585, 3586, 3587, 3588, 3589, 3590, 3591, 3592, 3593, 3594, 3595, 3596, 3597, 3598, 3599, 3600, 3601, 3602, 3606, 3607, 3723, 3724, 3725, 3726, 3728, 3729, 3730, 3731, 3732, 5096, 5678, 6125, 6277, 6278, 6392, 6500, 6541, 6542, 6543, 6544, 6545, 6569, 6574, 7158, 7159, 7372, 7373, 7375, 8010, 8011, 8012, 8013, 8014, 8015, 8017, 8019, 8177, 8197, 10329, 12310, 14085, 17457, 17820, 17821, 21143, 21144, 21146
2472, 2481, 2480, 2482, 2319, 2431, 2432, 2433, 2434, 2523, 2358, 2359, 2360, 2361, 2469, 2471, 2473, 2981, 2983, 2985, 3503, 3504, 6016
15
8
1000
1000
500
500
40
30000
#### Waypoints ####
node: 32690, 31230, 8
node: 32684, 31230, 8
node: 32678, 31230, 8
node: 32672, 31230, 8
stand: 32668, 31230, 8
stand: 32667, 31230, 8
node: 32674, 31230, 9
node: 32683, 31230, 9
node: 32692, 31230, 9
node: 32686, 31230, 9
node: 32675, 31230, 9
stand: 32667, 31230, 9
node: 32672, 31230, 8
node: 32682, 31230, 8
node: 32691, 31230, 8
#### Settings ####
1948
4
obsidian knife
orc, troll
4
4176, 4193, 4194, 4195, 4196, 4197, 4198
4133
594, 607
2597
3308
500
#### Magic Shooter ####
target spell,exori con,1,1,300,80,stand near,mutated rat
#### Settings II ####
4
3447
9
4
3081
1
200

4
4
4
2000
1000
