#### Start Settings: Healer ####
0
25
exura
0
40
exura gran
60
80
exura vita
1
40
4
50
4
50
70
80
4
4
4
1
#### Tools ####
4
4
4
exura
4
utani gran hur
4
4


4
1
4
4
4
4
4
30
4
60
#### Runemaker ####
4
4
4
6
70
exevo con flam
4
4
1
exura
#### Alarms ####
1
4
1
4
4
#### Shortkeys ####
meuse 3160
exivat
ering
sdlast
ring 2167
paralast
mwtarget
lifefluid
antipush 3031, 3492
uh
meuse 3160
mf
runelast 3198
amulet 2316
turn 0
step 0
mousedrop 3031
#### Skill Trainer ####
4

0
100
7
#### Additional ####
4
3052
4
4
vip1,vip2
4
3031, 3492





4
0
4
4
none
5
4
3155
Gold Converter,STOP on GM
4
4
0
4
4
4
4
4
1
50
4
2321
3497, 3498, 3499, 3500
3003
3457
836, 841, 901, 904, 3577, 3578, 3579, 3580, 3581, 3582, 3583, 3584, 3585, 3586, 3587, 3588, 3589, 3590, 3591, 3592, 3593, 3594, 3595, 3596, 3597, 3598, 3599, 3600, 3601, 3602, 3606, 3607, 3723, 3724, 3725, 3726, 3728, 3729, 3730, 3731, 3732, 5096, 5678, 6125, 6277, 6278, 6392, 6500, 6541, 6542, 6543, 6544, 6545, 6569, 6574, 7158, 7159, 7372, 7373, 7375, 8010, 8011, 8012, 8013, 8014, 8015, 8017, 8019, 8177, 8197, 10329, 12310, 14085, 17457, 17820, 17821, 21143, 21144, 21146
2358, 2359, 2360, 2361, 2469, 2471, 2473, 2981, 2983, 2985, 3503, 3504, 6016, 2127
15
8
1000
1000
500
500
40
30000
#### Waypoints ####
state: targeting(if stuck)
node: 32353, 32215, 7
node: 32359, 32215, 7
node: 32365, 32215, 7
node: 32368, 32211, 7
node: 32368, 32207, 7
node: 32368, 32203, 7
node: 32368, 32199, 7
node: 32368, 32195, 7
node: 32368, 32191, 7
node: 32368, 32187, 7
node: 32368, 32183, 7
node: 32368, 32179, 7
node: 32368, 32175, 7
node: 32363, 32171, 7
stand: 32359, 32172, 7
door: 32358, 32172, 7
stand: 32356, 32170, 7
stand: 32356, 32173, 8
node: 32357, 32162, 9
node: 32363, 32162, 9
node: 32363, 32158, 9
node: 32363, 32154, 9
node: 32363, 32150, 9
node: 32363, 32146, 9
node: 32357, 32146, 9
stand: 32355, 32143, 9
door: 32355, 32142, 9
stand: 32354, 32138, 9
stand: 32355, 32138, 10
node: 32355, 32139, 11
node: 32355, 32143, 11
node: 32355, 32147, 11
node: 32360, 32151, 11
node: 32360, 32155, 11
node: 32366, 32154, 11
node: 32372, 32153, 11
node: 32378, 32153, 11
node: 32384, 32153, 11
node: 32390, 32154, 11
node: 32390, 32158, 11
node: 32390, 32162, 11
node: 32390, 32166, 11
node: 32390, 32170, 11
node: 32390, 32174, 11
node: 32390, 32178, 11
node: 32391, 32182, 11
node: 32389, 32186, 11
node: 32389, 32191, 11
node: 32389, 32195, 11
node: 32389, 32199, 11
node: 32395, 32200, 11
node: 32398, 32204, 11
node: 32398, 32208, 11
node: 32399, 32212, 11
node: 32405, 32215, 11
node: 32411, 32215, 11
node: 32417, 32215, 11
node: 32423, 32215, 11
node: 32429, 32215, 11
node: 32435, 32215, 11
node: 32441, 32215, 11
node: 32447, 32215, 11
node: 32453, 32215, 11
node: 32459, 32215, 11
node: 32465, 32215, 11
node: 32471, 32215, 11
node: 32477, 32215, 11
node: 32481, 32211, 11
node: 32487, 32213, 11
node: 32493, 32213, 11
node: 32499, 32213, 11
stand: 32502, 32217, 11
stand: 32493, 32215, 12
node: 32496, 32217, 13
node: 32502, 32217, 13
node: 32508, 32219, 13
node: 32514, 32219, 13
node: 32516, 32215, 13
node: 32516, 32211, 13
node: 32510, 32210, 13
node: 32504, 32209, 13
node: 32504, 32205, 13
node: 32504, 32201, 13
node: 32510, 32200, 13
node: 32516, 32201, 13
node: 32522, 32201, 13
node: 32528, 32201, 13
node: 32534, 32201, 13
node: 32540, 32201, 13
node: 32546, 32201, 13
node: 32552, 32198, 13
node: 32555, 32194, 13
node: 32557, 32190, 13
node: 32558, 32186, 13
node: 32564, 32184, 13
node: 32570, 32182, 13
stand: 32577, 32179, 13
node: 32580, 32178, 14
node: 32582, 32174, 14
node: 32582, 32170, 14
node: 32581, 32166, 14
node: 32575, 32165, 14
node: 32569, 32165, 14
node: 32563, 32165, 14
node: 32557, 32165, 14
node: 32551, 32165, 14
node: 32545, 32164, 14
node: 32539, 32164, 14
node: 32539, 32160, 14
node: 32537, 32156, 14
node: 32537, 32152, 14
node: 32537, 32148, 14
node: 32537, 32144, 14
node: 32537, 32140, 14
node: 32537, 32136, 14
node: 32531, 32136, 14
node: 32525, 32136, 14
node: 32519, 32136, 14
node: 32513, 32135, 14
node: 32507, 32133, 14
node: 32505, 32129, 14
node: 32505, 32125, 14
node: 32503, 32121, 14
node: 32505, 32117, 14
node: 32505, 32113, 14
node: 32505, 32109, 14
node: 32511, 32106, 14
node: 32513, 32102, 14
node: 32518, 32106, 14
node: 32520, 32109, 14
state: cavebot(off)
#### Settings ####
1948
4
obsidian knife
orc, troll
4
4176, 4193, 4194, 4195, 4196, 4197, 4198
4133
594, 607
2597
3308
1000
#### Magic Shooter ####
target rune,3198,1,1,100,60,none,lizard dragon priest, lizard high guard, lizard legionnaire
target rune,3155,2,1,50,50,none,lizard dragon priest, lizard high guard, lizard legionnaire
#### Settings II ####
4
3447
9
4
3081
4
200

4
4
4
