#### Start Settings: Healer ####
80
25
exura
50
40
exura gran
15
80
exura vita
4
50
4
20
4
50
70
80
4
4
4
1
#### Tools ####
4
4
4
exura
4
utani gran hur
4
4


4
1
4
4
4
4
4
30
4
60
#### Runemaker ####
4
4
4
6
70
adura vita
4
4
1
exura
#### Alarms ####
1
4
4
4
4
#### Shortkeys ####
meuse 3160
exivat
ering
sdlast
ring 2167
paralast
mwtarget
lifefluid
antipush 3031, 3492
uh
meuse 3160
mf
runelast 3198
amulet 2316
turn 0
step 0
mousedrop 3031
#### Skill Trainer ####
1
rotworm
0
100
7
#### Additional ####
4
3052
4
4
vip1,vip2
1
3031, 3492





4
0
4
4
stand near
5
4
3155
Gold Converter,Anti GM
1
4
0
4
4
4
4
4
4
50
4
2321
3497, 3498, 3499, 3500
3003
3457
836, 841, 901, 904, 3577, 3578, 3579, 3580, 3581, 3582, 3583, 3584, 3585, 3586, 3587, 3588, 3589, 3590, 3591, 3592, 3593, 3594, 3595, 3596, 3597, 3598, 3599, 3600, 3601, 3602, 3606, 3607, 3723, 3724, 3725, 3726, 3728, 3729, 3730, 3731, 3732, 5096, 5678, 6125, 6277, 6278, 6392, 6500, 6541, 6542, 6543, 6544, 6545, 6569, 6574, 7158, 7159, 7372, 7373, 7375, 8010, 8011, 8012, 8013, 8014, 8015, 8017, 8019, 8177, 8197, 10329, 12310, 14085, 17457, 17820, 17821, 21143, 21144, 21146
2472, 2481, 2480, 2482, 2319, 2431, 2432, 2433, 2434, 2523, 2358, 2359, 2360, 2361, 2469, 2471, 2473, 2981, 2983, 2985, 3503, 3504, 6016
15
8
1000
1000
500
500
40
30000
#### Waypoints ####
To hunt
state: targeting(if stuck)
node: 32936, 32077, 6
node: 32936, 32087, 6
node: 32936, 32094, 6
node: 32936, 32100, 6
node: 32936, 32108, 6
node: 32936, 32116, 6
node: 32936, 32124, 6
node: 32936, 32129, 6
node: 32936, 32135, 6
node: 32936, 32141, 6
node: 32936, 32147, 6
node: 32936, 32152, 6
node: 32936, 32158, 6
stand: 32936, 32159, 6
node: 32940, 32161, 7
node: 32948, 32161, 7
node: 32957, 32159, 7
node: 32962, 32159, 7
node: 32966, 32156, 7
node: 32985, 32145, 7
node: 32994, 32140, 7
node: 32994, 32133, 7
shovel: 32994, 32132, 7
node: 32996, 32131, 8
node: 33006, 32126, 8
node: 33014, 32126, 8
rope: 33016, 32124, 8
node: 33019, 32120, 7
node: 33023, 32115, 7
node: 33026, 32109, 7
stand: 33028, 32106, 7
node: 33022, 32103, 6
node: 33024, 32097, 6
stand: 33016, 32095, 6
node: 33016, 32087, 7
node: 33017, 32074, 7
node: 33025, 32073, 7
node: 33032, 32069, 7
node: 33037, 32066, 7
node: 33037, 32057, 7
node: 33043, 32053, 7
node: 33048, 32057, 7
shovel: 33048, 32062, 7
stand: 33050, 32060, 8
stand: 33054, 32062, 9
node: 33057, 32068, 10
node: 33059, 32075, 10
node: 33059, 32083, 10
rope: 33061, 32087, 10
Hunt
state: targeting(on)
node: 33058, 32082, 9
node: 33064, 32075, 9
node: 33071, 32084, 9
node: 33068, 32076, 9
node: 33062, 32077, 9
node: 33050, 32078, 9
node: 33044, 32075, 9
node: 33049, 32076, 9
node: 33053, 32084, 9
node: 33049, 32089, 9
node: 33047, 32094, 9
node: 33046, 32090, 9
rope: 33051, 32087, 9
node: 33048, 32091, 8
node: 33041, 32095, 8
node: 33035, 32102, 8
node: 33033, 32109, 8
node: 33038, 32113, 8
node: 33042, 32117, 8
stand: 33047, 32117, 8
node: 33050, 32114, 9
node: 33057, 32112, 9
node: 33064, 32115, 9
node: 33054, 32111, 9
rope: 33047, 32117, 9
node: 33042, 32116, 8
node: 33031, 32109, 8
node: 33025, 32113, 8
node: 33029, 32119, 8
stand: 33030, 32122, 8
node: 33029, 32127, 9
node: 33028, 32132, 9
node: 33034, 32135, 9
node: 33033, 32140, 9
node: 33043, 32130, 9
node: 33042, 32119, 9
node: 33033, 32113, 9
node: 33026, 32119, 9
rope: 33030, 32122, 9
node: 33029, 32119, 8
node: 33022, 32113, 8
node: 33014, 32110, 8
stand: 33013, 32110, 8
node: 33009, 32113, 9
node: 33002, 32119, 9
node: 33010, 32115, 9
rope: 33013, 32110, 9
node: 33018, 32112, 8
node: 33026, 32109, 8
node: 33035, 32099, 8
node: 33031, 32095, 8
node: 33028, 32086, 8
node: 33023, 32083, 8
node: 33017, 32085, 8
node: 33013, 32091, 8
node: 33011, 32098, 8
stand: 33013, 32101, 8
node: 33018, 32104, 9
node: 33023, 32102, 9
node: 33015, 32103, 9
rope: 33013, 32101, 9
node: 33014, 32089, 8
node: 33017, 32084, 8
node: 33013, 32078, 8
stand: 33008, 32076, 8
node: 33007, 32072, 9
rope: 33008, 32076, 9
node: 33015, 32079, 8
node: 33020, 32081, 8
node: 33026, 32083, 8
node: 33030, 32091, 8
node: 33038, 32095, 8
node: 33048, 32091, 8
stand: 33051, 32087, 8
goto: Hunt
Se me roparem
shovel: 33029, 32089, 7
goto: Hunt
To dp
state: targeting(if stuck)
node: 33034, 32085, 7
node: 33040, 32082, 7
node: 33044, 32080, 7
node: 33049, 32078, 7
machete: 33050, 32073, 7
node: 33050, 32068, 7
node: 33048, 32058, 7
node: 33040, 32054, 7
node: 33037, 32061, 7
node: 33032, 32069, 7
node: 33025, 32073, 7
node: 33016, 32076, 7
node: 33016, 32089, 7
stand: 33016, 32095, 7
node: 33024, 32099, 6
node: 33026, 32104, 6
stand: 33028, 32106, 6
node: 33026, 32114, 7
node: 33020, 32120, 7
node: 33009, 32129, 7
stand: 33008, 32133, 7
node: 33014, 32134, 6
node: 33022, 32145, 6
stand: 33026, 32151, 6
node: 33027, 32155, 7
node: 33022, 32162, 7
node: 33011, 32160, 7
node: 33002, 32160, 7
node: 32996, 32155, 7
node: 32988, 32152, 7
node: 32980, 32148, 7
node: 32970, 32148, 7
node: 32963, 32153, 7
node: 32957, 32159, 7
node: 32947, 32159, 7
node: 32942, 32160, 7
stand: 32936, 32159, 7
node: 32936, 32152, 6
node: 32936, 32136, 6
node: 32936, 32123, 6
node: 32936, 32111, 6
node: 32936, 32096, 6
node: 32936, 32076, 6
node: 32930, 32071, 6
stand: 32919, 32071, 6
state: targeting(if stuck)
state: cavebot(off)
rope: 33061, 32087, 10
#### Settings ####
1948
4
obsidian knife
orc, troll
4
4176, 4193, 4194, 4195, 4196, 4197, 4198
4133
594, 607
2597
3308
500
#### Magic Shooter ####
#### Settings II ####
4
3447
9
4
3081
1
200

4
4
4
2000
1000
