#### Start Settings: Healer ####
0
25
exura
0
40
exura gran
0
80
exura vita
4
50
4
50
4
50
70
80
4
4
4
1
#### Tools ####
4
4
4
exura
4
utani gran hur
1
4


1
1
4
4
4
4
4
30
4
60
#### Runemaker ####
4
4
4
6
70
adura vita
4
4
1
exura
#### Alarms ####
1
4
4
4
4
#### Shortkeys ####
meuse 3160
exivat
ering
sdlast
ring 2167
paralast
mwtarget
lifefluid
antipush 3031, 3492
uh
meuse 3160
mf
runelast 3198
amulet 2316
turn 0
step 0
mousedrop 3031
#### Skill Trainer ####
4

0
100
7
#### Additional ####
4
3052
4
4
vip1,vip2
4
3031, 3492





4
0
4
4
follow
5
4
3155

4
4
0
4
4
4
4
4
4
30
4
2321
3497, 3498, 3499, 3500
3003
3457
836, 841, 901, 904, 3577, 3578, 3579, 3580, 3581, 3582, 3583, 3584, 3585, 3586, 3587, 3588, 3589, 3590, 3591, 3592, 3593, 3594, 3595, 3596, 3597, 3598, 3599, 3600, 3601, 3602, 3606, 3607, 3723, 3724, 3725, 3726, 3728, 3729, 3730, 3731, 3732, 5096, 5678, 6125, 6277, 6278, 6392, 6500, 6541, 6542, 6543, 6544, 6545, 6569, 6574, 7158, 7159, 7372, 7373, 7375, 8010, 8011, 8012, 8013, 8014, 8015, 8017, 8019, 8177, 8197, 10329, 12310, 14085, 17457, 17820, 17821, 21143, 21144, 21146
2358, 2359, 2360, 2361, 2469, 2471, 2473, 2981, 2983, 2985, 3503, 3504, 6016
15
8
1000
1000
500
500
40
30000
#### Waypoints ####
state: targeting(if stuck)
node: 32341, 31745, 7
node: 32347, 31743, 7
node: 32353, 31743, 7
node: 32359, 31743, 7
node: 32365, 31743, 7
node: 32371, 31744, 7
node: 32377, 31744, 7
node: 32383, 31743, 7
node: 32389, 31743, 7
node: 32382, 31752, 7
node: 32394, 31755, 7
node: 32409, 31751, 7
node: 32424, 31750, 7
node: 32441, 31749, 7
node: 32455, 31754, 7
node: 32468, 31750, 7
node: 32482, 31758, 7
node: 32492, 31763, 7
node: 32505, 31761, 7
node: 32515, 31757, 7
node: 32527, 31753, 7
node: 32536, 31752, 7
node: 32548, 31752, 7
node: 32562, 31750, 7
node: 32578, 31750, 7
node: 32590, 31751, 7
node: 32601, 31748, 7
node: 32612, 31743, 7
node: 32620, 31730, 7
node: 32629, 31716, 7
node: 32641, 31712, 7
node: 32648, 31706, 7
node: 32665, 31703, 7
node: 32675, 31694, 7
node: 32681, 31691, 7
node: 32681, 31686, 7
#### Settings ####
1948
4
obsidian knife
orc, troll
4
4176, 4193, 4194, 4195, 4196, 4197, 4198
4133
594, 607
2597
3308
500
#### Magic Shooter ####
#### Settings II ####
4
3447
9
4
3081
4
200

4
4
4
2000
1000
