#### Start Settings: Healer ####
75
25
exura
0
40
exura gran
0
80
exura vita
4
50
4
50
1
50
70
80
4
4
4
1
#### Tools ####
4
4
4
exura
4
utani gran hur
1
4
BUY PREMMY SCROLL - 7K

1
1
4
4
4
4
4
30
4
60
#### Runemaker ####
1
4
4
6
99
exura
4
4
1
exura
#### Alarms ####
1
4
1
4
4
#### Shortkeys ####
meuse 3160
exivat
ering
sdlast
ring 2167
paralast
mwtarget
lifefluid
antipush 3031, 3492
uh
meuse 3160
mf
runelast 3198
amulet 2316
turn 0
step 0
mousedrop 3031
#### Skill Trainer ####
4

0
100
7
#### Additional ####
4
3052
4
4
vip1,vip2
1

3031, 1781, 6433




4
0
4
4
follow
5
4
3155
Anti GM
1
4
0
4
4
4
4
4
4
50
4
2321
3497, 3498, 3499, 3500
3003
3457
836, 841, 901, 904, 3577, 3578, 3579, 3580, 3581, 3582, 3583, 3584, 3585, 3586, 3587, 3588, 3589, 3590, 3591, 3592, 3593, 3594, 3595, 3596, 3597, 3598, 3599, 3600, 3601, 3602, 3606, 3607, 3723, 3724, 3725, 3726, 3728, 3729, 3730, 3731, 3732, 5096, 5678, 6125, 6277, 6278, 6392, 6500, 6541, 6542, 6543, 6544, 6545, 6569, 6574, 7158, 7159, 7372, 7373, 7375, 8010, 8011, 8012, 8013, 8014, 8015, 8017, 8019, 8177, 8197, 10329, 12310, 14085, 17457, 17820, 17821, 21143, 21144, 21146
2358, 2359, 2360, 2361, 2469, 2471, 2473, 2981, 2983, 2985, 3503, 3504, 6016
15
8
1000
1000
500
500
40
30000
#### Waypoints ####
To Hunt
state: targeting(if stuck)
node: 32678, 31691, 7
node: 32670, 31693, 7
node: 32666, 31694, 7
node: 32660, 31697, 7
node: 32654, 31698, 7
node: 32654, 31702, 7
node: 32649, 31706, 7
node: 32643, 31706, 7
node: 32642, 31710, 7
node: 32638, 31714, 7
node: 32632, 31714, 7
node: 32626, 31714, 7
node: 32620, 31716, 7
node: 32614, 31717, 7
node: 32608, 31720, 7
node: 32602, 31722, 7
node: 32596, 31722, 7
node: 32590, 31722, 7
node: 32584, 31722, 7
node: 32578, 31722, 7
node: 32572, 31722, 7
node: 32566, 31725, 7
node: 32563, 31729, 7
node: 32557, 31730, 7
node: 32551, 31730, 7
node: 32545, 31732, 7
node: 32541, 31736, 7
node: 32541, 31740, 7
node: 32540, 31744, 7
node: 32536, 31748, 7
node: 32530, 31750, 7
node: 32524, 31752, 7
node: 32518, 31755, 7
node: 32515, 31759, 7
node: 32512, 31763, 7
node: 32508, 31767, 7
node: 32507, 31771, 7
node: 32507, 31775, 7
node: 32507, 31779, 7
node: 32507, 31783, 7
node: 32507, 31787, 7
node: 32508, 31791, 7
node: 32514, 31794, 7
node: 32520, 31794, 7
node: 32526, 31794, 7
node: 32531, 31798, 7
node: 32531, 31802, 7
node: 32531, 31806, 7
node: 32531, 31810, 7
node: 32531, 31814, 7
goto: Hunt
Hunt
state: targeting(on)
node: 32530, 31815, 7
node: 32542, 31816, 7
node: 32546, 31820, 7
node: 32561, 31820, 7
node: 32570, 31811, 7
node: 32575, 31804, 7
node: 32576, 31799, 7
rope: 32576, 31797, 7
node: 32573, 31801, 6
node: 32565, 31796, 6
node: 32564, 31790, 6
node: 32569, 31784, 6
node: 32576, 31787, 6
node: 32581, 31789, 6
node: 32590, 31789, 6
node: 32594, 31789, 6
stand: 32595, 31792, 6
node: 32599, 31790, 7
node: 32603, 31790, 7
node: 32603, 31782, 7
node: 32597, 31790, 7
node: 32597, 31791, 7
ladder: 32595, 31792, 7
node: 32590, 31789, 6
node: 32581, 31789, 6
stand: 32576, 31797, 6
node: 32575, 31805, 7
node: 32570, 31813, 7
node: 32541, 31817, 7
node: 32526, 31816, 7
node: 32521, 31823, 7
node: 32529, 31816, 7
goto: Hunt, item(1781) < 80
goto: To Dp, item(1781) >= 80
To Dp
state: targeting(if stuck)
node: 32531, 31809, 7
node: 32531, 31804, 7
node: 32531, 31797, 7
node: 32531, 31793, 7
node: 32525, 31792, 7
node: 32519, 31790, 7
node: 32513, 31789, 7
node: 32512, 31785, 7
node: 32512, 31781, 7
node: 32509, 31777, 7
node: 32508, 31773, 7
node: 32508, 31769, 7
node: 32513, 31765, 7
node: 32519, 31763, 7
node: 32525, 31761, 7
node: 32531, 31758, 7
node: 32537, 31756, 7
node: 32543, 31756, 7
node: 32549, 31756, 7
node: 32555, 31756, 7
node: 32561, 31756, 7
node: 32567, 31753, 7
node: 32573, 31751, 7
node: 32579, 31751, 7
node: 32585, 31751, 7
node: 32591, 31751, 7
node: 32597, 31751, 7
node: 32603, 31751, 7
node: 32609, 31748, 7
node: 32611, 31744, 7
node: 32614, 31740, 7
node: 32619, 31736, 7
node: 32622, 31732, 7
node: 32623, 31728, 7
node: 32629, 31726, 7
node: 32635, 31726, 7
node: 32640, 31722, 7
node: 32641, 31718, 7
node: 32642, 31714, 7
node: 32642, 31710, 7
node: 32642, 31706, 7
node: 32648, 31706, 7
node: 32654, 31705, 7
node: 32660, 31704, 7
node: 32665, 31700, 7
node: 32665, 31696, 7
node: 32671, 31694, 7
node: 32677, 31691, 7
node: 32681, 31687, 7
ladder: 32682, 31687, 7
reach depot:
wait: 2000
deposit items: {0}, 1781
wait: 2000
node: 32681, 31686, 6
stand: 32682, 31687, 6
goto: To Hunt
#### Settings ####
1948
4
obsidian knife
orc, troll
4
4176, 4193, 4194, 4195, 4196, 4197, 4198
4133
594, 607
2597
3308
500
#### Magic Shooter ####
#### Settings II ####
4
3447
9
4
3081
1
200

4
4
4
2000
1000
